gen-size - 14
gene-range - 7
mut-rate - 20
ai-depth - 3

Generation #0: ((6 0 2 5 3) (2 3 4 5 0) (5 6 6 3 2) (4 4 5 0 5) (0 2 0 1 3) (3 6 2 2 1) (2 0 1 3 4) (3 1 5 6 2) (4 5 3 4 4) (6 4 3 2 1) (0 5 4 6 5) (5 2 1 1 6) (1 1 6 0 6) (1 3 0 4 0))
Fitness: (24 0 20 8 12 16 8 10 18 22 6 6 6 12)
(6 0 2 5 3) - 116/240, 48.0%

Generation #1: ((6 4 0 2 1) (0 2 3 1 3) (5 6 2 2 6) (3 2 1 1 1) (1 3 3 4 1) (6 4 0 2 0) (5 6 2 5 2) (6 0 6 3 3) (4 0 3 4 4) (6 5 2 5 3) (5 6 2 3 2) (6 0 0 5 3) (4 6 3 2 1) (3 5 2 4 4))
Fitness: (17 0 18 17 12 31 24 16 10 22 29 14 28 14)
(6 4 0 2 0) - 130/240, 54.0%

Generation #2: ((5 4 0 2 6) (6 6 2 2 0) (5 6 2 2 2) (6 4 0 5 0) (6 5 0 5 3) (6 0 2 5 3) (5 6 2 3 6) (3 5 2 2 4) (4 6 3 4 1) (5 6 2 2 3) (6 0 6 3 6) (3 5 2 2 0) (6 4 0 4 4))
Fitness: (0 8 16 8 4 6 16 2 6 8 4 14 12)
(5 6 2 2 2) - 125/240, 52.0%

Generation #3: ((5 4 2 2 4) (6 6 0 4 2) (3 5 2 2 0) (6 4 0 5 0) (6 5 3 4 1) (3 6 2 2 0) (5 6 2 2 3) (6 0 2 5 2) (5 6 2 2 2) (6 4 0 3 6) (5 6 2 4 4) (5 6 2 3 6))
Fitness: (6 6 2 4 14 8 8 4 8 10 2 0)
(6 5 3 4 1) - 140/240, 58.0%

Generation #4: ((5 6 2 2 0) (3 6 2 2 2) (5 4 0 2 0) (6 6 2 5 3) (6 6 2 2 0) (3 6 0 4 2) (6 4 0 3 6) (5 4 2 2 4) (6 6 0 2 3) (5 6 2 4 2) (6 4 2 3 6) (6 0 0 5 2) (3 4 2 2 6) (6 6 0 3 0))
Fitness: (13 22 4 14 9 12 0 12 10 10 8 14 0 12)
(3 6 2 2 2) - 130/240, 54.0%

Generation #5: ((6 6 2 3 0) (3 6 0 2 2) (6 0 2 5 2) (5 6 0 2 0) (6 6 2 2 6) (5 4 2 3 4) (5 6 0 4 2) (3 6 2 3 6) (6 4 2 2 2) (6 4 2 5 3) (6 6 2 3 6) (5 4 0 2 4) (5 4 2 2 0))
Fitness: (10 14 2 18 18 6 7 0 16 15 12 22 16)
(5 4 0 2 4) - 142/240, 59.0%

Generation #6: ((5 4 0 5 0) (6 6 2 2 3) (5 6 2 3 6) (6 4 2 2 4) (6 4 2 5 6) (5 4 2 2 2) (6 4 0 2 4) (5 6 2 2 3) (6 4 0 5 0) (5 6 2 2 4) (6 4 0 3 6))
Fitness: (8 11 2 24 0 4 13 18 14 12 4)
(6 4 2 2 4) - 148/240, 62.0%

Generation #7: ((5 4 2 2 4) (6 6 0 2 4) (5 6 2 2 3) (5 6 2 2 4) (6 4 0 2 3) (6 6 2 2 4) (6 4 0 2 4) (6 4 2 2 4) (6 4 2 2 2) (6 6 2 3 4) (5 4 0 2 0))
Fitness: (2 0 5 4 5 4 8 6 18 6 8)
(6 4 2 2 2) - 137/240, 57.0%

Generation #8: ((6 4 2 3 0) (5 6 0 2 4) (5 4 0 2 3) (5 6 2 2 0) (5 4 0 2 0) (6 4 2 2 2) (6 4 2 2 4) (6 4 0 2 4) (6 4 2 3 2) (6 6 2 2 4) (6 4 0 2 0) (5 4 0 2 4))
Fitness: (10 10 0 20 4 14 12 0 7 14 0 5)
(5 6 2 2 0) - 129/240, 54.0%

Generation #9: ((5 6 0 2 4) (6 4 2 2 2) (6 4 2 3 2) (6 6 2 2 4) (6 4 2 3 0) (6 4 2 2 4) (5 6 2 2 0))
Fitness: (0 3 1 5 5 2 5)
(6 6 2 2 4) - 136/240, 57.0%